130107 1834  10  -4 -1.5  10.140184  W1FVB FN44 17           0     1    0
130107 1834  10  -1 -1.4  10.140206  VE3PKT FN03 23         -1     1    0
130107 1834   9  -7  0.1  10.140229  AK4T EM74 33            0     1    0
130107 1834   9 -11 -1.2  10.140279  N8ABY EN72 33           0     1    0
130107 1834  10  -4 -1.5  10.140184  W1FVB FN44 17           0     1    0
130107 1834  10  -1 -1.4  10.140206  VE3PKT FN03 23         -1     1    0
130107 1834   9  -7  0.1  10.140229  AK4T EM74 33            0     1    0
130107 1834   9 -11 -1.2  10.140279  N8ABY EN72 33           0     1    0
130107 1834  10  -4 -1.5  10.140184  W1FVB FN44 17           0     1    0
130107 1834  10  -1 -1.4  10.140206  VE3PKT FN03 23         -1     1    0
130107 1834   9  -7  0.1  10.140229  AK4T EM74 33            0     1    0
130107 1834   9 -11 -1.2  10.140279  N8ABY EN72 33           0     1    0
130107 1834  10  -4 -1.5  10.140184  W1FVB FN44 17           0     1    0
130107 1834  10  -1 -1.4  10.140206  VE3PKT FN03 23         -1     1    0
130107 1834   9  -7  0.1  10.140229  AK4T EM74 33            0     1    0
130107 1834   9 -11 -1.2  10.140279  N8ABY EN72 33           0     1    0
130107 1834  10  -4 -1.5  10.140184  W1FVB FN44 17           0     1    0
130107 1834  10  -1 -1.4  10.140206  VE3PKT FN03 23         -1     1    0
130107 1834   9  -7  0.1  10.140229  AK4T EM74 33            0     1    0
130107 1834   9 -11 -1.2  10.140279  N8ABY EN72 33           0     1    0
130107 1834  10  -4 -1.5  10.140184  W1FVB FN44 17           0     1    0
130107 1834  10  -1 -1.4  10.140206  VE3PKT FN03 23         -1     1    0
130107 1834   9  -7  0.1  10.140229  AK4T EM74 33            0     1    0
130107 1834   9 -11 -1.2  10.140279  N8ABY EN72 33           0     1    0
130107 1834  10  -4 -1.5  10.140184  W1FVB FN44 17           0     1    0
130107 1834  10  -1 -1.4  10.140206  VE3PKT FN03 23         -1     1    0
130107 1834   9  -7  0.1  10.140229  AK4T EM74 33            0     1    0
130107 1834   9 -11 -1.2  10.140279  N8ABY EN72 33           0     1    0
